70 14  # t=73.33s  set=1,2,4,9,15,19,31,40,52,56,62,67,69,70
71 14  # t=91.52s  set=1,2,4,9,15,19,31,40,52,56,62,67,69,70
72 14  # t=112.42s  set=1,2,4,9,15,19,31,40,52,56,62,67,69,70
73 14  # t=137.84s  set=1,2,4,8,16,21,32,42,53,58,66,70,72,73
74 14  # t=168.43s  set=1,2,4,8,16,21,32,42,53,58,66,70,72,73
75 14  # t=204.96s  set=1,2,4,8,13,21,31,45,55,63,68,72,74,75
76 14  # t=247.64s  set=1,2,4,8,13,21,31,45,55,63,68,72,74,75
77 14  # t=297.98s  set=1,2,4,8,13,21,31,45,55,63,68,72,74,75
78 14  # t=352.78s  set=1,2,5,11,19,24,26,52,54,59,67,73,76,77
79 14  # t=417.42s  set=1,2,5,11,19,24,26,53,55,60,68,74,77,78
